book_id,chap_id,0,1,2,3,4,5,6,7,8,9,10,11,12,13,14,15,16,17,18,19
0,1,7.215007375364815e-05,7.215007337416408e-05,0.9986291486038813,7.215007367782848e-05,7.215007378650596e-05,7.215007314839094e-05,7.215007378039941e-05,7.21500732973725e-05,7.21500738791427e-05,7.215007215013532e-05,7.215007354748821e-05,7.215007359288778e-05,7.215007317520429e-05,7.21500735854424e-05,7.215007359944451e-05,7.215007357500028e-05,7.215007328571547e-05,7.215007380539777e-05,7.215007374686162e-05,7.215007335744052e-05
0,2,7.215007277175237e-05,7.215007323824323e-05,7.215007381515396e-05,7.215007372896539e-05,7.215007359265896e-05,7.215007364999399e-05,7.215007336363142e-05,7.215007357472728e-05,0.986501294230762,7.215007215012522e-05,7.215007351639835e-05,7.21500736124867e-05,7.215007323747962e-05,0.012200004447730922,7.215007337171172e-05,7.215007376355527e-05,7.215007327994661e-05,7.215007368138087e-05,7.215007379127384e-05,7.215007336767477e-05
0,3,6.518904891662255e-05,6.518904953329889e-05,6.518904986006607e-05,6.518904968849079e-05,6.518904978548334e-05,6.51890493074719e-05,6.51890496899119e-05,6.518904928660861e-05,6.518904968610414e-05,6.51890482399131e-05,0.9446864346765819,6.518904947983145e-05,6.518904957133224e-05,6.518904971475674e-05,6.518904959277347e-05,0.054140162433061294,6.51890492359581e-05,6.518904969822708e-05,6.518904961920157e-05,6.518904945086116e-05
0,4,5.4945055631784806e-05,5.4945055965609666e-05,0.7838734742656972,5.494505614108523e-05,5.494505633965758e-05,5.494505604897525e-05,5.494505598971845e-05,5.494505588148698e-05,0.07694189572752415,5.494505494511354e-05,5.494505633290363e-05,5.494505615033572e-05,5.494505620468942e-05,5.494505610177224e-05,5.494505609176131e-05,5.494505631967694e-05,5.4945055872763044e-05,5.4945056138119825e-05,0.12655547891808427,0.011750030192538797
0,5,5.3533191309823354e-05,5.353319148424614e-05,0.6042577529726806,5.353319189097935e-05,5.353319189668144e-05,5.353319138038461e-05,5.35331915957667e-05,5.3533191665267855e-05,5.3533191681115164e-05,5.353319057821018e-05,5.3533191594246806e-05,5.3533191445150095e-05,5.353319169566097e-05,5.353319162653383e-05,5.3533191730050365e-05,0.393356128680347,5.353319134146936e-05,0.001476054091159136,5.353319152450046e-05,5.3533191373251024e-05
0,6,5.580357210250873e-05,5.5803572383011526e-05,0.9989397321081388,5.580357252391761e-05,5.580358804548194e-05,5.58035725408143e-05,5.580357237972526e-05,5.5803572444810386e-05,5.580357254311459e-05,5.580357142861954e-05,5.5803572313977684e-05,5.5803572524098606e-05,5.580357249290647e-05,5.5803572505506734e-05,5.580357254123658e-05,5.5803572747839635e-05,5.580357264819908e-05,5.580357264839211e-05,5.5803572754418763e-05,5.58035722927595e-05
0,7,5.2798311218091254e-05,5.279831130969066e-05,0.8110810574797412,5.279831172288908e-05,5.279831166275731e-05,5.27983116060081e-05,5.2798311541816425e-05,5.279831126934338e-05,5.2798311608839865e-05,5.279831045412076e-05,5.279831155466695e-05,5.27983115198667e-05,5.2798311300552446e-05,5.279831159119756e-05,5.2798311531999184e-05,0.18796857291451843,5.279831141002028e-05,5.279831168058323e-05,5.279831145306865e-05,5.2798311304611875e-05
0,8,8.143322581908903e-05,8.143322610828713e-05,0.7304024090380776,8.143322663182215e-05,8.1433226441061e-05,8.143322633377119e-05,8.143322636776276e-05,8.143322635303665e-05,8.143322673081094e-05,8.143322475577635e-05,8.143322606914255e-05,8.143322662723434e-05,8.14332260789149e-05,0.2681317928878141,8.143322677292314e-05,8.143322667200506e-05,8.143322618464422e-05,8.143322672290882e-05,8.143322673818685e-05,8.143322670100576e-05
0,9,5.7803469014429435e-05,5.780346908258603e-05,5.780346945433856e-05,0.9989017340865365,5.7803469195814514e-05,5.7803468861446774e-05,5.780346917572489e-05,5.780346891073246e-05,5.780346943556226e-05,5.780346820812441e-05,5.780346890179835e-05,5.7803469016112164e-05,5.780346910530712e-05,5.780346928020263e-05,5.780346937569693e-05,5.7803469349887415e-05,5.7803468988772394e-05,5.78034695621186e-05,5.7803469267433135e-05,5.780346927749513e-05
0,10,4.9164208878897176e-05,4.916420941818757e-05,0.4042107121337977,4.916420963123061e-05,4.9164209752129415e-05,4.916420922249717e-05,4.916420963181619e-05,4.9164209171557976e-05,0.5630011549069511,4.9164208456296426e-05,4.916420931868096e-05,4.916420939801904e-05,4.916420946048402e-05,4.916420946198677e-05,4.916420957997715e-05,4.916420961558691e-05,4.916420924675054e-05,4.9164209683027444e-05,0.031952341399695924,4.916420962790631e-05
0,11,0.021172666438493186,6.578947478411772e-05,0.540365615680627,0.18957096420510805,6.578947495676576e-05,6.578947466409754e-05,6.578947513688115e-05,6.578947486929393e-05,6.578947520629938e-05,6.578947368427476e-05,6.578947481655287e-05,6.578947470239377e-05,6.578947511398542e-05,6.578947500517733e-05,0.23473866145671052,6.578947526759143e-05,6.578947540667513e-05,0.013165250095821793,6.578947488409775e-05,6.578947474132984e-05
0,12,6.369426860159156e-05,6.369426865958117e-05,0.7769762294541944,6.369426911023074e-05,6.369426895896077e-05,6.36942682822015e-05,6.36942688225683e-05,6.369426868074056e-05,6.369426903086936e-05,6.369426751598571e-05,6.36942686477805e-05,6.369426882612749e-05,6.369426874548265e-05,6.369426892405299e-05,6.369426904754342e-05,6.369426904660421e-05,6.36942684114371e-05,0.22187727370851837,6.369426917365373e-05,6.369426880216842e-05
0,13,6.297229266674855e-05,6.297229322269629e-05,0.42492801389258456,6.297229357399087e-05,0.339246454583318,6.297229305768209e-05,6.297229321048484e-05,6.29722931652542e-05,0.1599192694921434,6.29722921914969e-05,6.297229345903234e-05,6.297229328550045e-05,6.297229316259593e-05,6.297229347980845e-05,6.297229327143255e-05,0.07489870534042271,6.297229304589218e-05,6.297229365084711e-05,6.297229374662383e-05,6.297229334114005e-05
0,14,5.07099403292898e-05,5.070994010147334e-05,5.070994017675488e-05,5.07099401356493e-05,5.070994007247591e-05,5.0709939847457806e-05,5.070994011577741e-05,5.0709939885260974e-05,5.070994012925154e-05,5.070993914810424e-05,5.070993966605624e-05,5.070993990726248e-05,5.070994000880231e-05,5.070994004918955e-05,0.9990365111372307,5.070994302877767e-05,5.070993984211578e-05,5.070994022266703e-05,5.070994014999217e-05,5.0709939952806566e-05
0,15,5.707762618174546e-05,5.7077626551140576e-05,0.16087735612624796,5.707762700921812e-05,5.707762682983775e-05,5.7077626469538526e-05,5.707762706236035e-05,5.7077626405931055e-05,5.7077626886543126e-05,5.707762557082339e-05,5.707762634084929e-05,5.707762699871339e-05,5.7077626587133954e-05,5.70776266964779e-05,0.6622561048098532,5.707762687652531e-05,5.7077626322380484e-05,0.1758962194116355,5.707762695031097e-05,5.7077626523717024e-05
0,16,6.410256491839866e-05,6.410256529029525e-05,0.6603561078933664,0.3384900459296661,6.410256551966594e-05,6.410256519174667e-05,6.410256549903241e-05,6.41025653195571e-05,6.410256557780787e-05,6.410256410262483e-05,6.410256560306257e-05,6.410256523820298e-05,6.41025656916722e-05,6.410256551559116e-05,6.410256557635519e-05,6.410256559757391e-05,6.410256588711315e-05,6.410256550800837e-05,6.410256557688629e-05,6.410256535390587e-05
0,17,5.675368953823845e-05,5.675369001938191e-05,0.6295782832527191,0.07552304744397323,0.17987275526353527,5.675368992288486e-05,5.6753690118382264e-05,5.675368974263803e-05,0.11411785499960005,5.675368898983717e-05,5.675369017649222e-05,5.6753690082570104e-05,5.675368998063169e-05,5.6753690268325344e-05,5.67536901986624e-05,5.6753690417563456e-05,5.675368996292411e-05,5.675369031587263e-05,5.675369043204478e-05,5.675369000584797e-05
0,18,4.844961307051634e-05,4.844961324241879e-05,0.2839870754456681,0.0886190734103472,4.844961348734768e-05,4.844961315958392e-05,4.844961336761172e-05,4.8449613188426464e-05,4.844961349171169e-05,4.844961240314954e-05,4.8449613639933046e-05,4.8449613317468626e-05,4.844961351715024e-05,4.844961331825676e-05,4.844961350564066e-05,0.2581207028004763,4.8449613216064376e-05,0.3684979545309817,4.844961342995247e-05,4.8449613171413665e-05
0,19,0.019212776123552086,5.1282052210192835e-05,5.128205252450377e-05,0.8420679676739238,5.1282052243896886e-05,5.128205193213432e-05,5.128205217349764e-05,5.128205212184758e-05,5.128205234791259e-05,5.128205128208724e-05,5.1282052045278306e-05,5.1282052406321275e-05,5.1282052199848185e-05,5.128205226655583e-05,5.128205253590624e-05,0.13784746131511458,5.128205215991294e-05,5.1282052386576855e-05,5.1282052422521864e-05,5.128205215052923e-05
0,20,5.387931099752583e-05,5.3879311252063874e-05,5.387931148994954e-05,5.387931158404493e-05,0.998976293086384,5.3879311023259614e-05,5.387931123991971e-05,5.3879310947515576e-05,5.3879311602214236e-05,5.387931034485203e-05,5.387931105924576e-05,5.387931132675475e-05,5.38793110309828e-05,5.387931137143102e-05,5.387931140006765e-05,5.3879311470866674e-05,5.387931119097689e-05,5.38793115322436e-05,5.387931146180649e-05,5.387931129014445e-05
0,21,6.142506194543662e-05,6.14250623398055e-05,6.142506287359346e-05,6.142506288845656e-05,6.142506281605371e-05,6.142506237759239e-05,6.14250625408563e-05,6.142506239345722e-05,6.142506272432487e-05,6.142506142510341e-05,6.142506264692225e-05,6.142506267172758e-05,6.142506245784252e-05,6.142506259495182e-05,6.14250626792456e-05,6.142506293975176e-05,6.14250622065317e-05,0.9988329238124242,6.142506273365436e-05,6.142506232044755e-05
0,22,5.2854123041939165e-05,5.285412348561294e-05,0.7034178564685855,5.2854123981781126e-05,5.2854124017833125e-05,5.285412328768345e-05,5.285412385954819e-05,5.2854123351669976e-05,5.2854123867399084e-05,5.2854122621618784e-05,5.285412330105696e-05,5.285412379405269e-05,5.285412349068318e-05,5.285412370212416e-05,0.10727093253843784,0.15178581993768467,5.285412363424297e-05,5.285412393305222e-05,0.03667972507813392,5.285412378777612e-05
0,23,6.426735261897337e-05,6.42673533640592e-05,6.426735359905292e-05,0.9525606573948009,6.426735373437484e-05,6.426735310672752e-05,6.426735343275549e-05,6.426735296419554e-05,0.046282530246554085,6.426735218512511e-05,6.426735324948957e-05,6.426735356635301e-05,6.426735301421783e-05,6.426735344650173e-05,6.42673532527764e-05,6.426735351305234e-05,6.426735298223441e-05,6.426735337422967e-05,6.426735383347924e-05,6.426735340722102e-05
0,24,5.753740041461083e-05,5.753740052801186e-05,0.26358569138882093,0.019323114035156855,5.7537400610755826e-05,5.7537400066603856e-05,5.753740048054932e-05,5.7537400347638384e-05,0.07881116080094881,5.753739930959913e-05,5.75374002523106e-05,5.7537400287761916e-05,5.753740030997021e-05,5.753740078430141e-05,0.6373594353686476,5.753740069299638e-05,5.75374001252406e-05,5.753740075507081e-05,5.7537400809001136e-05,5.7537400651230415e-05
0,25,7.473841625206515e-05,7.473841664996876e-05,0.30548138091361743,7.473841742212444e-05,7.473841721192347e-05,7.473841663061024e-05,7.473841680607159e-05,7.473841687131682e-05,0.4104674401699381,7.473841554566023e-05,7.473841688372048e-05,7.473841684590347e-05,7.473841702525996e-05,7.473841720077809e-05,7.473841738777524e-05,0.2149682120920702,7.473841674002061e-05,0.06788715215463673,7.473841721954785e-05,7.473841704468694e-05
0,26,4.826254860622448e-05,4.826254890673563e-05,4.826254904540981e-05,4.826254902211217e-05,4.8262548953075e-05,4.826254871049181e-05,4.8262549045127965e-05,4.826254880055686e-05,0.999083011570596,4.826254826257049e-05,4.8262548771020053e-05,4.826254899992085e-05,4.826254881245045e-05,4.826254899380947e-05,4.826254905608844e-05,4.826254904096317e-05,4.8262549031900035e-05,4.8262548996067526e-05,4.8262549272733504e-05,4.826254907678398e-05
0,27,7.645260179155015e-05,7.645260073461806e-05,0.4802743408963092,7.645260103558475e-05,7.645260077694822e-05,7.645260030834677e-05,7.645260090631113e-05,7.645260062986051e-05,0.37026826914091515,7.645259938844797e-05,7.645260066592286e-05,7.645260102695227e-05,7.645260139385639e-05,7.645260105342983e-05,7.645260126793764e-05,0.1080663740396101,7.64526006565538e-05,7.645260117281366e-05,0.040167774309206865,7.645260114942755e-05
0,28,8.116883237385729e-05,8.116883245263161e-05,8.116883305257426e-05,8.116883306050047e-05,8.116883249448159e-05,8.11688321242516e-05,8.116883303382079e-05,8.116883229511406e-05,0.06707771347683614,8.116883116890576e-05,8.116883258668794e-05,8.11688325803071e-05,8.116883249959451e-05,0.05165361487137186,0.11404984572656147,0.3674716693725544,8.116883368746054e-05,8.116883285634253e-05,0.39852962406284126,8.11688335682617e-05
0,29,6.784260572259482e-05,6.784260644780538e-05,0.5967125940719836,6.784260658896588e-05,6.784260639702994e-05,6.784260598373709e-05,6.784260646540707e-05,6.784260608108637e-05,0.08849696501956711,6.784260515609824e-05,6.784260606227889e-05,6.784260636051179e-05,6.784260617052502e-05,6.78426068845109e-05,6.784260666079703e-05,0.06225518132645897,6.784260691321111e-05,0.16520099216012987,0.08631662832752843,6.784260643758693e-05
0,30,6.811989214522651e-05,6.811989242234577e-05,0.4004646200236288,6.811989259099664e-05,6.811989238786907e-05,6.811989216125055e-05,6.811989251110483e-05,6.811989199054309e-05,0.07362218844952334,6.81198910082268e-05,6.811989191797397e-05,6.81198926308451e-05,6.811989196339318e-05,0.5091078055250815,6.811989254705686e-05,6.811989262184706e-05,6.811989248324187e-05,6.811989265104511e-05,6.811989284743955e-05,0.01571546772488586
1,1,0.00010964912496251427,0.0001096491254396214,0.4812841403603925,0.13964669582801217,0.1713208308273694,0.000109649124839348,0.18049176548186938,0.025611830627229975,0.00010964912521118687,0.00010964912280712624,0.00010964912459598695,0.00010964912498321172,0.00010964912544222042,0.00010964912546158041,0.00010964912600909566,0.00010964912548520164,0.00010964912426359062,0.00010964912552880826,0.00010964912559025153,0.00010964912450696011
1,2,9.505703515529684e-05,9.505703636929594e-05,9.505703628575784e-05,9.505703600547258e-05,9.505703688058825e-05,9.505703542429103e-05,9.505703594869637e-05,9.505703678163218e-05,9.505703592717606e-05,9.505703422060227e-05,9.505703618727846e-05,9.505703552238696e-05,9.505703622599738e-05,9.505703579086613e-05,9.505703584361266e-05,0.9981939163182295,9.505703567680383e-05,9.505703621706436e-05,9.505703572631586e-05,9.505703558095975e-05
1,3,6.793478406460835e-05,6.793478429447654e-05,0.0423002611881504,6.793478400177522e-05,0.6055741658638832,6.793478359974473e-05,6.793478418351006e-05,6.793478406103744e-05,6.793478389298738e-05,6.793478260874725e-05,6.793478345540842e-05,6.79347840566091e-05,0.07084266716346804,6.79347840198713e-05,6.79347841000984e-05,0.2801959492418811,6.793478413242866e-05,6.793478409763794e-05,6.793478407281463e-05,6.79347839753456e-05
1,4,5.530973564260507e-05,5.530973576630245e-05,0.9989491150235137,5.5309735623035897e-05,5.530973564230883e-05,5.530973522655645e-05,5.530973568693156e-05,5.530973579311241e-05,5.530973575094472e-05,5.5309734513328254e-05,5.530973533644639e-05,5.5309735678558066e-05,5.53097356786305e-05,5.53097355885393e-05,5.530973562516878e-05,5.530973591112709e-05,5.5309735675494876e-05,5.530973581213836e-05,5.53097359748996e-05,5.5309735560104107e-05
1,5,5.5928412315339976e-05,5.592841276803084e-05,0.042976257009836136,5.592841261939782e-05,5.592841301386518e-05,5.592841294400604e-05,5.592841268897133e-05,5.592841324564794e-05,5.59284129330006e-05,5.592841163315744e-05,5.592841251645468e-05,5.592841267456432e-05,5.592841304174105e-05,0.028621904870920124,5.5928412733107955e-05,0.9274510551030116,5.5928412900377704e-05,5.59284128122143e-05,5.5928412734214065e-05,5.592841265812475e-05
1,6,0.022989666460347547,2.1177467643508157e-05,0.4683099183459869,2.1177467662643244e-05,2.1177467580137153e-05,2.1177467474721263e-05,2.117746757522018e-05,2.1177467520690192e-05,2.1177467703605585e-05,2.1177467174947853e-05,2.1177467422763832e-05,2.1177467520911966e-05,2.1177467606688766e-05,2.1177467715826007e-05,0.05310056998552476,2.11774676895242e-05,2.1177467592278476e-05,0.45526100572700845,2.117746763351175e-05,2.1177467615557608e-05
1,7,6.46830541307097e-05,6.468305414859548e-05,0.123947688158341,6.468305432402643e-05,6.468305431938309e-05,6.468305401678404e-05,6.468305412203844e-05,6.468305393757731e-05,6.468305446433989e-05,6.468305304015303e-05,6.46830539421651e-05,6.468305447567521e-05,6.468305399890793e-05,6.468305462800831e-05,6.468305450201933e-05,6.468305460292855e-05,6.468305433064517e-05,0.8748880168659271,6.468305451750137e-05,6.468305423056657e-05
1,8,0.06249996827612145,5.780346933241893e-05,5.7803469468294984e-05,5.780346956694536e-05,5.7803469305302806e-05,5.780346911333117e-05,5.7803469117488e-05,5.780346905837036e-05,5.7803469404653455e-05,5.780346820813465e-05,5.780346889029167e-05,5.7803469179490556e-05,5.780346923422147e-05,5.780346924981535e-05,5.780346962485844e-05,0.888592205843217,5.780346911948805e-05,0.0479251669043608,5.7803469332967776e-05,5.780346909453418e-05
1,9,5.6179776307774444e-05,5.61797764792775e-05,0.16196121201554683,5.617977636970767e-05,5.6179776457671134e-05,5.6179776058539085e-05,5.6179776269512e-05,5.617977717650204e-05,5.617977664640527e-05,5.6179775280956484e-05,5.6179776059239006e-05,5.6179776472891476e-05,5.6179776154171294e-05,5.617977680900772e-05,5.6179776676797344e-05,0.02949072786314747,5.617977627034451e-05,0.6946846041498728,0.11296457954949982,5.61797764443978e-05
1,10,9.12242309783731e-06,9.122423080205811e-06,0.2049085751331033,9.122423127342837e-06,9.122423110836838e-06,9.122423036698811e-06,9.12242312858796e-06,9.12242306916782e-06,9.1224231321274e-06,9.122422915535042e-06,9.122423038899369e-06,9.12242310217214e-06,9.122423062890591e-06,9.122423122971666e-06,9.122423139416758e-06,0.6745703444176847,9.122423078750722e-06,0.12036599925667622,9.122423134729734e-06,9.122423157716527e-06
2,1,9.689922535168278e-05,9.689922641655907e-05,9.689922667025805e-05,9.689922627401166e-05,9.689922667361203e-05,9.689922598250114e-05,9.689922617366578e-05,9.689922615686995e-05,9.689922680149887e-05,9.689922480623455e-05,9.689922634659893e-05,9.689922674863088e-05,9.68992261770839e-05,9.689922660128496e-05,9.689922627770025e-05,9.68992266601967e-05,9.689922610009512e-05,9.689922632530218e-05,9.689922834558522e-05,0.9981589146991106
2,2,8.278145754550739e-05,8.278145844266392e-05,0.917190998682187,8.278145890714844e-05,8.278145894132604e-05,0.08131893506484585,8.27814589376743e-05,8.278145821085471e-05,8.278145874690967e-05,8.278145695374221e-05,8.278145858034512e-05,8.278145837510285e-05,8.278145840084999e-05,8.278145858945124e-05,8.278145844361127e-05,8.278145874986834e-05,8.27814582997287e-05,8.278145863598682e-05,8.278145928980635e-05,8.278145891671674e-05
2,3,9.765625110774163e-05,9.765625202214765e-05,0.7458961488695434,9.76562522801283e-05,0.25234603859529964,9.765625143983094e-05,9.765625185607567e-05,9.765625234724805e-05,9.7656252280688e-05,9.765625000008503e-05,9.765625260291699e-05,9.765625178512307e-05,9.765625281427859e-05,9.765625234359607e-05,9.765625183370336e-05,9.765625229663642e-05,9.765625162119655e-05,9.765625189764177e-05,9.765625245936018e-05,9.765625216873143e-05
2,4,5.7670127581313707e-05,5.767012771663849e-05,5.767012797039736e-05,5.767012786707024e-05,5.7670127880760074e-05,5.767012755450298e-05,5.767012787159751e-05,5.767012779693015e-05,5.7670128074383925e-05,5.767012687430049e-05,5.7670127567959e-05,5.767012774280262e-05,0.7968615837565401,5.767012799002936e-05,5.7670127934591e-05,5.7670128023930583e-05,5.767012809614022e-05,5.767012788640838e-05,0.20210035394311446,5.767012791565473e-05
2,5,5.889281602096101e-05,5.88928159205713e-05,0.4013649957813383,5.889281636199614e-05,5.8892816424213e-05,5.889281592859081e-05,5.889281632405424e-05,5.889281623482255e-05,5.8892816592554804e-05,5.889281507661897e-05,5.889281606498996e-05,5.8892816387838e-05,0.07451648453847863,5.889281625390149e-05,5.889281632384035e-05,0.2478603398253217,5.889281626566192e-05,5.889281625675787e-05,0.27531589479625596,5.8892816167916276e-05
2,6,5.636978656866983e-05,5.6369786771258015e-05,0.4118514781870211,0.07579013435986615,5.636978702395482e-05,5.636978677095203e-05,5.636978728130767e-05,5.63697866129187e-05,5.636978702893708e-05,5.6369785794866684e-05,5.636978685818319e-05,5.6369786778223445e-05,0.04462618128479316,5.636978691127631e-05,5.6369786874237855e-05,0.4668302895794198,5.636978649594012e-05,5.636978701044752e-05,5.636978723204458e-05,5.636978688655916e-05
2,7,5.4288817258856346e-05,5.42888177591646e-05,0.4752818866364489,5.4288817959483694e-05,5.4288817766308255e-05,5.428881745613686e-05,0.23587595437900152,5.428881745601829e-05,5.4288817726042654e-05,5.428881650385499e-05,5.4288817969807785e-05,5.4288817333646536e-05,5.428881772572209e-05,5.4288817652420305e-05,0.23430883111094877,5.4288817888112725e-05,5.4288817513942e-05,5.428881779875172e-05,0.05366470679226827,5.428881756439195e-05
2,8,5.370569329759774e-05,0.014228304566472078,0.9359988102712392,5.3705693888453615e-05,5.37056939110672e-05,5.370569380434411e-05,5.370569408197694e-05,5.370569361017886e-05,5.3705694077810534e-05,5.3705692803492826e-05,5.37056934950772e-05,5.3705693944918356e-05,5.3705693775544834e-05,5.370569395537835e-05,5.3705693910913594e-05,5.370569396251203e-05,5.3705693494239677e-05,5.3705693922352226e-05,0.048859888368387415,5.370569396540157e-05
2,9,7.473841677049609e-05,7.473841670977219e-05,7.473841722273977e-05,7.473841692365131e-05,7.473841704710445e-05,7.473841667173064e-05,7.473841707961991e-05,7.473841724982616e-05,7.473841779656013e-05,7.473841554565861e-05,7.473841667145945e-05,7.473841671993342e-05,7.473841718045362e-05,7.473841699413512e-05,7.473841704210929e-05,0.7523482662712697,7.473841684553297e-05,7.473841709941999e-05,0.2463064422240528,7.473841710743215e-05
2,10,4.803074032055934e-05,4.8030740546809265e-05,4.8030740741831066e-05,4.803074059037824e-05,4.80307406644813e-05,4.803074038581653e-05,4.8030740752232176e-05,4.803074050774845e-05,0.09906686457457804,4.803073967342991e-05,4.803074063954832e-05,4.803074068874663e-05,4.8030740513535466e-05,4.803074049953653e-05,4.803074054271417e-05,0.9000685820957941,4.803074038654105e-05,4.803074067287395e-05,4.803074082759105e-05,4.803074067349803e-05
2,11,6.203474001032493e-05,6.20347404813826e-05,0.38950654322450357,6.20347408075192e-05,6.203474078970633e-05,6.203474090005745e-05,6.20347410507485e-05,6.20347405740988e-05,6.20347410319786e-05,6.20347394541635e-05,6.203474075484902e-05,6.203474074859522e-05,6.203474061095049e-05,6.203474076375945e-05,6.203474058570354e-05,0.4425927601369767,6.203474058362105e-05,6.20347407565989e-05,0.1668461060478738,6.203474074170414e-05
2,12,5.175983502447507e-05,5.1759835300770206e-05,0.7865774902493272,5.1759835431003806e-05,5.175983545729398e-05,5.175983516053201e-05,5.1759835423631766e-05,5.1759835450002924e-05,0.06234274501309205,5.175983436857867e-05,5.175983518103958e-05,5.1759835338903006e-05,5.1759835404428547e-05,0.083611238751291,5.175983538035351e-05,5.175983565967805e-05,5.1759835189623214e-05,5.1759835503277095e-05,0.06664036862141254,5.1759835603610045e-05
2,13,5.336179343606482e-05,5.3361793920322604e-05,0.4098967130787985,5.336179394654025e-05,5.336179411782424e-05,5.336179372482383e-05,5.336179412865198e-05,5.336179376173527e-05,0.5205398487344978,5.3361792956289924e-05,5.336179383014078e-05,5.336179392159798e-05,5.336179399588846e-05,5.33617942549685e-05,5.336179395660852e-05,5.336179425116622e-05,5.336179380781634e-05,5.3361794143835374e-05,0.06865628769034894,5.336179420063683e-05
2,14,7.96178351899286e-05,7.961783563228615e-05,7.96178360615938e-05,7.96178360733724e-05,7.961783597450617e-05,7.961783552342967e-05,0.9269558504135255,7.961783556929074e-05,0.07161102854209353,7.961783439493756e-05,7.961783536373052e-05,7.961783639372008e-05,7.961783566098853e-05,7.961783597593959e-05,7.961783599292035e-05,7.961783627480153e-05,7.961783586493599e-05,7.961783599763773e-05,7.961783631058283e-05,7.961783612622228e-05
2,15,4.882812578462556e-05,4.88281261508698e-05,0.1708311842247799,4.882812608002027e-05,4.882812606699115e-05,4.8828125667995806e-05,0.2864277805924654,4.882812604207081e-05,0.07020180022459425,4.88281250000548e-05,4.882812565093773e-05,4.8828126082591674e-05,4.8828125995180625e-05,4.8828126036013055e-05,4.882812613498082e-05,4.882812626075561e-05,4.882812604617004e-05,0.3907182631476809,0.0810885499212955,4.8828126184794703e-05
2,16,6.544502692978054e-05,6.544502733635868e-05,0.3551767704519667,6.544502744179576e-05,6.544502736461968e-05,6.544502741357531e-05,6.54450277276337e-05,6.544502760339068e-05,6.54450277396087e-05,6.544502617807286e-05,6.544502713990856e-05,6.544502776053426e-05,6.544502719806477e-05,6.544502763391753e-05,6.544502769619661e-05,6.544502775474069e-05,6.544502727432941e-05,0.030309212953123787,0.613401451129249,6.544502746799563e-05
2,17,5.624297021531581e-05,5.6242970608516473e-05,5.6242970972330365e-05,5.624297062964282e-05,5.624297102446399e-05,5.624297033321059e-05,5.6242970961362786e-05,5.624297066705367e-05,5.624297080167908e-05,5.624296962883212e-05,5.624297040936338e-05,5.6242970465155923e-05,5.624297070500055e-05,5.6242970896302416e-05,5.624297076743258e-05,5.624297142903139e-05,5.624297056178937e-05,5.6242970876681575e-05,0.9989313835573235,5.6242970723507444e-05
2,18,0.00010204081716000608,0.00010204081778440766,0.00010204081826956786,0.00010204081811119911,0.00010204081799789528,0.7970738247405883,0.00010204081868308852,0.00010204081787758898,0.00010204081832107428,0.00010204081632655685,0.00010204081765507186,0.00010204081809004616,0.00010204081769521244,0.00010204081791625029,0.00010204081801692745,0.00010204081823478633,0.00010204081762578788,0.00010204081809112721,0.20108944053747319,0.00010204081808197975
2,19,5.102040863408076e-05,5.1020408852042414e-05,5.102040925299433e-05,5.102040903832996e-05,5.1020409028604657e-05,5.102040878743249e-05,0.20925341324243724,5.102040897356329e-05,5.1020409250037995e-05,5.102040816328562e-05,5.1020408855988646e-05,5.102040899205505e-05,5.1020408991829745e-05,5.102040905137021e-05,5.102040908135167e-05,5.1020409205909496e-05,5.1020408958906205e-05,5.102040913956891e-05,5.1020409281365034e-05,0.789828219396024
2,20,7.704160333196274e-05,7.704160399680053e-05,0.20426756333564905,7.704160414031789e-05,7.704160417668454e-05,7.704160451374236e-05,0.07116076623323928,7.704160380670159e-05,7.704160409313455e-05,7.704160246541243e-05,7.704160370189826e-05,7.704160377211046e-05,7.704160430763544e-05,7.704160397479185e-05,7.704160411859167e-05,0.37745635715082615,7.704160389390298e-05,7.704160442329906e-05,0.34588264761718424,7.704160438441198e-05
2,21,6.738544523194866e-05,6.73854458782143e-05,0.1724557827463628,6.738544620485869e-05,6.738544621963712e-05,6.73854459730466e-05,6.738544591146784e-05,6.738544544867463e-05,6.738544622511303e-05,6.738544474401021e-05,6.738544576481889e-05,6.73854460253301e-05,6.7385446238288e-05,6.738544636938588e-05,6.738544602844539e-05,0.2754087568722752,6.738544574418771e-05,0.09466701617009961,0.45639027707739566,6.738544585938426e-05
2,22,6.46830543009447e-05,6.468305477220185e-05,6.468305461878975e-05,6.468305445320254e-05,6.468305448856186e-05,6.468305451988636e-05,0.01337554338112346,6.468305428185926e-05,6.468305451201765e-05,6.468305304016908e-05,6.468305408562201e-05,6.468305457870884e-05,6.468305404758546e-05,6.468305416858549e-05,6.468305439810901e-05,0.7699072308854166,6.468305396109536e-05,6.468305446770952e-05,0.21561761381037853,6.468305438661841e-05
2,23,3.748126043216052e-05,3.74812600494699e-05,3.7481260170222296e-05,3.7481260096051e-05,3.748126008203361e-05,3.7481259793544956e-05,3.7481260021987485e-05,3.748126002436645e-05,3.748126012666853e-05,3.748125937033876e-05,3.748125983082427e-05,3.748126003728376e-05,3.7481260001366054e-05,3.748126006450233e-05,3.748126024595451e-05,0.10206803985177781,3.7481259965793225e-05,3.74812601305718e-05,0.8972572974676029,3.7481260176159075e-05
2,24,4.807692371409157e-05,4.807692424469368e-05,4.807692422209108e-05,4.8076924071569276e-05,4.8076924078227436e-05,4.8076923746239886e-05,4.8076923953661314e-05,4.807692360560324e-05,4.8076924467594e-05,4.807692307696471e-05,4.807692440659632e-05,4.807692392408448e-05,4.8076924034138903e-05,4.807692394758525e-05,4.807692400520069e-05,0.20756075417101724,4.807692380047791e-05,4.8076924079477114e-05,0.7915738611977223,4.807692388222805e-05
2,25,7.374631339124418e-05,0.9413911402588117,7.374631448289561e-05,7.374631423998388e-05,7.374631437463614e-05,7.374631352303473e-05,7.374631439225177e-05,7.37463138168274e-05,7.37463141589729e-05,7.374631268439623e-05,7.374631366409721e-05,7.37463138015465e-05,7.374631422395101e-05,7.374631406812575e-05,7.374631428861336e-05,0.05728142608903411,7.374631427445086e-05,7.374631432609779e-05,7.374631445944288e-05,7.374631398387051e-05
2,26,4.562043896302581e-05,4.562043913247777e-05,0.18412973305388397,4.5620438915804e-05,4.562043898619745e-05,4.5620438402726604e-05,4.5620438785903005e-05,4.562043849731181e-05,4.5620438941068375e-05,4.562043795624884e-05,4.5620438480077266e-05,4.562043873609151e-05,4.5620438674637326e-05,4.562043889686913e-05,4.562043898135279e-05,4.562043900523465e-05,4.56204386432058e-05,4.5620438977639456e-05,0.8150490990484853,4.562043865470697e-05
2,27,0.00013440860367998708,0.49913165457146375,0.00013440860464772276,0.00013440860436655247,0.00013440860454543423,0.0001344086039315802,0.00013440860492234383,0.0001344086050906355,0.4984489905480294,0.00013440860215062348,0.00013440860376110017,0.0001344086045184672,0.00013440860442404738,0.0001344086048521166,0.00013440860467062895,0.00013440860494396168,0.00013440860477851568,0.0001344086045512885,0.00013440860578256246,0.00013440860488947423
2,28,7.704160331906933e-05,7.70416038111106e-05,7.704160442404378e-05,7.704160387067029e-05,7.704160414915752e-05,7.704160387088466e-05,7.704160424139757e-05,7.704160471780323e-05,0.13512457010145942,7.704160246540501e-05,7.704160385844365e-05,7.704160376764517e-05,7.70416039777852e-05,7.704160450381935e-05,7.704160396916447e-05,0.7263466032467396,7.70416040739195e-05,7.704160422388898e-05,0.13721911938436215,7.704160419441781e-05
2,29,7.84929365089903e-05,7.849293759125388e-05,7.84929375830278e-05,7.849293729839212e-05,7.849293700628371e-05,7.849293662261902e-05,7.849293719538822e-05,7.849293656857044e-05,7.849293731465869e-05,7.849293563585821e-05,7.84929364773906e-05,7.849293680577248e-05,7.849293704248745e-05,0.12353872657296033,7.849293749858968e-05,0.8394755894868616,7.849293680038793e-05,7.84929375161689e-05,0.03565130401182517,7.849293688718355e-05
2,30,6.501950770747726e-05,6.501950692038945e-05,0.19926700989022836,6.501950708770216e-05,6.501950730484006e-05,6.501950682240236e-05,6.501950712355339e-05,6.501950724891867e-05,0.2874140969489744,6.501950585182204e-05,6.501950689323669e-05,6.501950713430697e-05,6.501950692567961e-05,0.16498745804078277,6.501950727798268e-05,0.22441524995533685,6.501950707782139e-05,6.50195074950023e-05,0.12294089255885829,6.501950694839542e-05
2,31,4.042037257955511e-05,4.042037253232254e-05,4.0420372790387836e-05,4.0420372696131555e-05,4.042037268759568e-05,4.0420372377372186e-05,4.0420372772629465e-05,4.042037261088406e-05,4.042037276923568e-05,4.042037186744455e-05,4.042037237016302e-05,4.04203726382442e-05,4.042037258867836e-05,0.9547916242838013,4.042037268709487e-05,4.042037277278083e-05,4.042037258503976e-05,4.042037270229308e-05,0.04448080900948745,4.0420372683520176e-05
2,32,5.7937428268193286e-05,5.7937428545616424e-05,5.7937428777655096e-05,5.7937428652304845e-05,5.793742868296221e-05,5.7937428163431126e-05,5.7937428662612104e-05,5.793742853637163e-05,0.07214276454653858,5.7937427578264344e-05,5.7937428408707724e-05,5.793742858190185e-05,5.7937428538650906e-05,0.3014064792024759,5.793742901601696e-05,5.7937429026285226e-05,5.7937428913363706e-05,5.7937428859833155e-05,0.485105704152472,0.1404180532413014
2,33,3.933910356290092e-05,3.933910365379836e-05,3.9339103979635805e-05,3.9339103904909556e-05,3.9339103748751524e-05,3.9339103797896694e-05,3.9339103811769264e-05,3.933910373326139e-05,0.9992525570263165,3.933910306847591e-05,3.933910353828066e-05,3.9339103809455705e-05,3.933910366967417e-05,3.933910396339663e-05,3.933910391856972e-05,3.933910398530233e-05,3.933910384357292e-05,3.933910391768654e-05,3.9339105855032914e-05,3.933910392096754e-05
2,34,9.107468285965678e-05,9.107468277518325e-05,0.16401328050978978,9.107468306421617e-05,9.107468315239051e-05,9.107468308346227e-05,9.107468342421738e-05,9.107468308091874e-05,0.33956224055702766,9.10746812386897e-05,9.107468232226592e-05,9.107468326655613e-05,9.107468279651994e-05,9.107468331180884e-05,9.107468323460239e-05,9.107468347484335e-05,9.107468312951205e-05,9.107468346553359e-05,0.3819056294684189,0.11306165453708311
2,35,7.692307776858778e-05,7.692307845009987e-05,7.69230788395732e-05,7.692307861292926e-05,7.692307874827958e-05,7.692307864310251e-05,7.692307815410962e-05,7.692307793330371e-05,7.692307862318706e-05,7.69230769231206e-05,7.692307786868305e-05,7.692307839837818e-05,7.692307796459311e-05,7.69230783169727e-05,7.692307850557384e-05,7.692307849994581e-05,7.69230779351399e-05,7.692307862465194e-05,0.9985384615130803,7.692307810936472e-05
2,36,3.7230083799780735e-05,3.723008268161051e-05,0.3086706595704372,3.723008266318628e-05,3.723008270603734e-05,3.723008271950272e-05,3.72300826281951e-05,3.7230082617685114e-05,0.024643416433888943,3.723008190621815e-05,3.723008252935134e-05,0.013732068910077076,3.7230082592550225e-05,0.11655702344867366,3.723008275985501e-05,3.723008284727241e-05,3.7230082813863095e-05,3.7230082773573085e-05,0.45374251203692445,0.08213309844195985
3,1,7.530120577155502e-05,7.530120638481481e-05,0.7961325053813176,7.530120616028419e-05,7.530120645712642e-05,7.530120582777101e-05,7.530120602311517e-05,7.530120612767927e-05,7.530120669698272e-05,7.530120481935248e-05,7.53012061385024e-05,7.530120686098135e-05,7.53012062718345e-05,7.530120640720569e-05,7.530120628270067e-05,7.530120654312793e-05,7.530120611531072e-05,7.530120634395866e-05,0.1842719308563971,0.01831544325705289
3,2,0.00011286681801503997,0.9978555304289499,0.00011286682470023987,0.00011286681956714649,0.00011286681970309414,0.00011286681922528333,0.00011286681914128112,0.00011286681943726121,0.00011286681956963491,0.00011286681715579277,0.00011286681978395247,0.00011286681921166914,0.00011286681921004352,0.00011286681932561313,0.00011286681928025486,0.00011286681976149122,0.00011286681960705094,0.00011286681967530274,0.00011286681963638407,0.00011286681904359156
3,3,0.00010266940677721593,0.00010266940667735614,0.6444862960234315,0.00010266940663895222,0.04295077858464077,0.0001026694063335805,0.00010266940668838116,0.00010266940648277493,0.00010266940660776505,0.00010266940451753231,0.00010266940627455953,0.31045709380071645,0.00010266940682997788,0.00010266940634286345,0.00010266940696429304,0.00010266940689470513,0.00010266940600011034,0.0004631210888322328,0.00010266940615502983,0.00010266940619373045
3,4,0.00011111111206886053,0.00011111111300826792,0.00011111111340163797,0.0001111111129467683,0.9978888888562507,0.00011111111237945439,0.00011111111283506455,0.00011111111299390526,0.00011111111313719089,0.00011111111111115568,0.00011111111263531216,0.00011111111302934482,0.00011111111291579554,0.00011111111296934941,0.00011111111292914473,0.00011111111339713524,0.00011111111245707161,0.00011111111321080317,0.00011111111336833089,0.00011111111295472096
3,5,8.91265607447983e-05,8.912656099738216e-05,8.912656192440757e-05,8.912656134970149e-05,8.912656145828395e-05,8.912656098324064e-05,8.912656107228344e-05,8.912656088520932e-05,8.912656133257321e-05,8.912655971482379e-05,8.912656078376326e-05,8.912656110293725e-05,0.9983065953390693,8.912656135975543e-05,8.912656124146273e-05,8.9126561477956e-05,8.912656078504869e-05,8.912656148040587e-05,8.91265612265804e-05,8.912656100999502e-05
3,6,0.00013550135732230648,0.0001355013568971724,0.00013550135753689107,0.0001355013571535968,0.00013550135703210178,0.00013550135637037524,0.0001355013571769642,0.00013550135657680124,0.00013550135723446667,0.0001355013550135887,0.0001355013569156023,0.0001355013573284135,0.9974254742178181,0.0001355013569394544,0.00013550135733351968,0.00013550135722578238,0.00013550135659329794,0.00013550135740861814,0.00013550135732327741,0.000135501356799567
3,7,0.033659904194816084,0.060036737284238556,0.7969573731283155,6.134969449487957e-05,6.134969441442483e-05,6.134969415674172e-05,6.134969472424396e-05,6.134969419020057e-05,6.134969447713853e-05,6.134969325159544e-05,6.13496941704319e-05,0.10836439028313725,6.13496945676824e-05,6.134969447597975e-05,6.134969466038481e-05,6.134969452799094e-05,6.134969414615473e-05,6.134969461081514e-05,6.134969452097893e-05,6.13496941031049e-05
3,8,0.021031488854189945,0.940327076230318,5.274261716790509e-05,5.274261704142362e-05,5.2742616942575136e-05,5.274261659391753e-05,5.274261691063659e-05,5.274261680514859e-05,5.274261708265343e-05,5.2742616033782374e-05,5.2742616590814706e-05,5.274261698822382e-05,5.274261684625946e-05,5.27426171273093e-05,5.274261726827977e-05,0.03774481042808538,5.2742616788710476e-05,5.274261718281783e-05,5.274261712353217e-05,5.2742616912763e-05
3,9,4.464285801564814e-05,4.46428581412695e-05,0.011536646671319645,4.464285806533183e-05,4.464285801320039e-05,4.464285792125016e-05,4.464285820652985e-05,4.464285786699267e-05,4.464285809252878e-05,4.464285714289275e-05,4.464285758616224e-05,0.6160912108972363,4.46428582191596e-05,4.4642858036037075e-05,4.4642858141933764e-05,0.2119815816642844,4.4642857896141134e-05,4.464285812885021e-05,0.15967627503963405,4.464285805169153e-05
3,10,9.803921707311724e-05,9.803921798037906e-05,0.9140095971768359,9.803921767443309e-05,0.01568253916801087,9.803921762375922e-05,9.803921760533077e-05,9.803921714686722e-05,9.803921733608347e-05,9.803921568639877e-05,9.803921771319117e-05,0.058117921971438946,9.803921777905525e-05,9.803921719323867e-05,9.803921811739113e-05,0.010621314204560365,9.8039216899788e-05,9.803921805436058e-05,9.803921827235958e-05,9.803921699832767e-05
3,11,9.541984908491483e-05,9.54198487509212e-05,0.32623652357483096,9.541984932891484e-05,9.541984927750031e-05,0.6720459191425304,9.54198490587091e-05,9.541984878529165e-05,9.541984932346681e-05,9.541984732827383e-05,9.541984870296994e-05,9.541984902106203e-05,9.541984932608441e-05,9.541984930614705e-05,9.541984940176553e-05,9.541984957654028e-05,9.54198490713674e-05,9.541984949255322e-05,9.541984909021367e-05,9.541984871199406e-05
3,12,5.2854123627128844e-05,5.285412344854603e-05,5.28541238498609e-05,5.2854123630798896e-05,5.2854123470713104e-05,5.2854123400908184e-05,5.285412361788525e-05,5.2854123259292596e-05,5.285412360263645e-05,5.285412262159302e-05,5.285412325922829e-05,5.285412376563794e-05,5.285412358238864e-05,0.9989957716531314,5.2854123690373955e-05,5.285412368136027e-05,5.285412347819869e-05,5.2854124075619054e-05,5.285412350529888e-05,5.285412330118883e-05
3,13,7.575757703961741e-05,7.575757708212869e-05,7.575757859401504e-05,7.575757761814315e-05,7.575757744957394e-05,7.575757684140892e-05,7.575757711212737e-05,7.57575770460372e-05,7.575757739861136e-05,7.575757575763645e-05,7.575757692015179e-05,7.575757750458689e-05,7.575757730088154e-05,7.575757721869277e-05,7.575757755203072e-05,7.575757747797279e-05,7.575757698583304e-05,0.9985606060325588,7.575757762136247e-05,7.57575769204022e-05
3,14,6.510416796888186e-05,6.510416780704249e-05,0.19265053262284557,6.510416823034886e-05,6.510416825381907e-05,6.510416764679318e-05,6.510416814239532e-05,6.510416756204369e-05,6.510416807032103e-05,6.510416666672834e-05,6.510416780050357e-05,6.510416800426025e-05,6.510416783886702e-05,6.510416792127692e-05,6.510416807740078e-05,6.510416819562279e-05,6.510416771847712e-05,0.5834926984324096,0.222749998091012,6.510416782808661e-05
